ind,waypoint_id,ident,lonx,laty
0,31866,18LOC,27.59261111,47.21205556
1,31867,28VOR,22.9095,47.77286111
2,31868,29LOC,23.75933333,46.80433333
3,31869,30LOC,22.90516667,47.76030556
4,31870,30TH2,23.60494167,46.76954167
5,31871,30THR,23.76562222,46.80574722
6,31872,38DME,23.99780556,45.78738889
7,31873,40DM2,21.44455556,45.78297222
8,31874,40DME,21.23066667,45.83669444
9,31875,40LOC,26.38511111,47.61805556
10,31876,40VOR,29.00238889,46.92944444
11,31877,43LOC,21.92425,47.10083333
12,31878,50DME,24.52025,46.48869444
13,31879,57DME,27.64672222,47.15119444
14,31880,62DME,23.94055556,45.78822222
15,31881,63DME,21.41836111,46.16638889
16,31882,70VOR,28.49425,44.40333333
17,31883,70VOR,22.85506944,47.61379722
18,31884,72DME,27.66569444,47.12980556
19,31885,80DME,23.89766667,45.78883333
20,31886,88DME,27.68594444,47.10697222
21,31887,96VOR,23.55955556,46.76705556
22,31888,ABATU,25.67475278,44.544725
23,31889,ABGED,25.74511111,44.53897222
24,31890,ABIDA,20.72920833,46.06670833
25,31891,ABIMO,23.83564444,46.82144444
26,31892,ABNEK,25.41527778,44.88305556
27,31893,ABOLO,27.33297222,47.00030556
28,31894,ABORA,26.34082222,44.55220278
29,31895,ABRUT,25.18316667,44.45025556
30,31896,ABTER,25.84166667,46.25305556
31,31897,ADMEC,26.58,47.13083333
32,31898,ADUKU,22.0,46.92388889
33,31899,ADULI,25.86983333,44.45516667
34,31900,ADUXI,21.06861111,45.98333333
35,31901,AGASU,21.80805556,45.88111111
36,31902,AGMEL,21.57111111,46.69055556
37,31903,AGNEP,22.95972222,45.45
38,31904,AKUPO,24.39563611,47.00104444
39,31905,ALENO,29.84138889,43.96916667
40,31906,ALOXU,24.34137778,45.78143056
41,31907,AMLAV,29.76611111,44.16194444
42,31908,AMODA,26.50120833,44.53175
43,31909,AMSIT,26.59083333,44.5475
44,31910,ANAVU,23.3225,47.26083333
45,31911,ANTAL,26.72916667,46.75611111
46,31912,APROB,25.0025,43.97333333
47,31913,APSAM,23.36545833,47.092925
48,31914,APTAN,26.34888889,46.3875
49,31915,AR011,21.4475,46.16444444
50,31916,AR012,21.77,46.14277778
51,31917,AR013,21.44805556,45.99472222
52,31918,AR014,21.44916667,45.56916667
53,31919,AR021,21.16556944,46.18268889
54,31920,AR111,20.93416667,46.19722222
55,31921,AR112,20.79916667,46.20527778
56,31922,AR211,21.58888889,46.155
57,31923,AR212,21.70805556,46.14694444
58,31924,AR220,21.45583333,46.06333333
59,31925,AR221,21.575,46.05555556
60,31926,AR222,21.69416667,46.0475
61,31927,AR932,21.67861111,45.93638889
62,31928,AR940,21.32472222,46.07194444
63,31929,AR941,21.30472222,45.92444444
64,31930,AR950,21.14444444,46.08361111
65,31931,AR951,21.07305556,46.08805556
66,31932,ARCAZ,21.45722222,46.55555556
67,31933,ARGES,26.82666667,44.08222222
68,31934,ARIES,27.715,44.32333333
69,31935,ARMOX,26.37583333,44.68055556
70,31936,ARNAX,25.82938056,44.378525
71,31937,ARPIG,27.30277778,47.33558333
72,31938,ASKUT,28.23777778,46.40305556
73,31939,ASNEL,26.33,44.53666667
74,31940,ASTOD,27.39361111,46.62777778
75,31941,ATSOS,22.85419167,46.99583056
76,31942,AXUTA,23.21429167,46.92138333
77,31943,BABAK,25.77472222,44.44944444
78,31944,BACAM,23.47388889,44.46861111
79,31945,BAI60,24.68288889,46.459925
80,31946,BAKOB,28.51444444,44.55083333
81,31947,BALBI,25.75416667,44.905
82,31948,BAPGU,27.29527778,46.79083333
83,31949,BARID,21.013,46.14216667
84,31950,BARUK,28.56972222,44.54138889
85,31951,BAVMA,22.06055556,46.78166667
86,31952,BEGAL,25.77193889,44.60048333
87,31953,BEKLU,26.12512778,44.29668611
88,31954,BELMU,27.35305556,47.31722222
89,31955,BESVA,21.145,46.00861111
90,31956,BIBOR,25.13916667,47.26916667
91,31957,BILRO,24.22973611,46.11843611
92,31958,BIRLU,28.7525,44.05944444
93,31959,BIVBU,24.33166667,44.92055556
94,31960,BOGVI,26.63550278,44.70085833
95,31961,BOKDO,23.64407222,47.12253611
96,31962,BS071,25.75823889,44.43153889
97,31963,BS072,25.79744722,44.33554444
98,31964,BS073,26.03724722,44.38561944
99,31965,BS074,26.15145833,44.40926111
100,31966,BS075,26.23333333,44.41541111
101,31967,BS251,26.42096944,44.558075
102,31968,BS252,26.53697778,44.56646944
103,31969,BS253,26.65302222,44.57474722
104,31970,BS257,26.30261944,44.44035
105,31971,BS258,26.23333333,44.42612778
106,31972,BS259,25.62231667,44.29860278
107,31973,BS551,25.90752778,44.46278889
108,31974,BS552,25.86050278,44.45296944
109,31975,BS553,25.35326389,44.85148889
110,31976,BS771,26.28506389,44.51983611
111,31977,BS772,26.34301389,44.52411667
112,31978,BS773,26.55545,44.53956111
113,31979,BS774,26.67156667,44.54783056
114,31980,BS775,26.31756944,44.70044444
115,31981,BS776,26.30888611,44.35492778
116,31982,BUCSA,26.36722222,46.50333333
117,31983,BUKAN,22.89166667,46.53166667
118,31984,BUKEL,25.72571389,45.07781111
119,31985,BUKUR,25.47861111,47.12027778
120,31986,BULEN,25.81666667,43.75
121,31987,BUNIR,25.84415278,44.712925
122,31988,BUSES,28.10611111,46.92583333
123,31989,BUSOK,26.60091389,44.53243611
124,31990,BUXLE,22.19527778,46.46388889
125,31991,CETUL,28.62694444,44.6975
126,31992,CF11,21.08799444,45.87228056
127,31993,CF14,27.488,47.32925
128,31994,CF19,21.94643333,47.17765556
129,31995,CF19,22.94986111,47.88966667
130,31996,CF27,21.58880556,46.15505556
131,31997,CF29,21.58656389,45.74709167
132,31998,CF34,26.95313889,46.41236111
133,31999,CI25,23.88278056,46.83198056
134,32000,CI26,23.86761111,46.80955556
135,32001,CI27,21.50144444,46.15830556
136,32002,CI27,24.03786111,44.32
137,32003,CI27,24.27,45.78274167
138,32004,CL071,23.32279167,46.73216389
139,32005,CL072,23.21082778,46.78490833
140,32006,CL073,23.83793333,46.92705833
141,32007,CL074,24.12374444,46.63552222
142,32008,CL251,23.88213333,46.93691944
143,32009,CL252,23.73746389,46.90456111
144,32010,CL253,24.06224167,46.88806111
145,32011,CL551,23.54256389,46.75540556
146,32012,CL552,23.4261,46.72891389
147,32013,CL553,23.38027222,46.82372778
148,32014,CL554,23.69375278,46.89474167
149,32015,CL555,23.29180278,47.0057
150,32016,CL698,23.56348611,46.917375
151,32017,CL699,23.77329444,46.80746389
152,32018,CL700,23.46337778,46.73742222
153,32019,CL701,23.3484,46.71118056
154,32020,CL771,23.9228,46.84090556
155,32021,CL772,23.73669167,47.02937222
156,32022,CL773,23.44041944,46.8534
157,32023,CL774,23.33070833,46.78775833
158,32024,CL898,23.50326389,46.94876944
159,32025,CL899,23.52272778,46.75091389
160,32026,CL901,23.88213333,46.93691944
161,32027,CL902,23.73539444,46.90409722
162,32028,CL903,23.69711389,46.89549722
163,32029,CL904,23.64505833,46.88377778
164,32030,CL905,23.58688611,46.87065
165,32031,CL906,23.47764167,46.84589444
166,32032,CL907,23.82631667,46.69344444
167,32033,CL908,23.97209444,46.74683333
168,32034,CL951,23.5185,46.773025
169,32035,CL971,23.75943056,46.80435833
170,32036,CL972,23.866975,46.82845
171,32037,CN16,26.86188889,46.64452778
172,32038,CONWI,22.5625,46.7275
173,32039,D007E,21.94885,47.18702778
174,32040,D018K,26.92959444,46.67956389
175,32041,D030M,27.00748611,46.68750278
176,32042,D031I,26.95349444,46.63215
177,32043,D047G,23.92891667,46.87592222
178,32044,D056I,22.04244444,47.14752778
179,32045,D059M,24.06027222,46.89107222
180,32046,D067O,28.81119722,44.35904722
181,32047,D068M,27.12618889,46.57318889
182,32048,D076W,24.63328333,45.84365833
183,32049,D085P,24.29416667,44.32291667
184,32050,D098K,21.59688889,45.77163889
185,32051,D102O,28.81036944,44.21111111
186,32052,D109I,27.02373889,46.44975556
187,32053,D110J,23.22425278,47.71122222
188,32054,D112J,26.57933333,47.59527778
189,32055,D112L,26.62294444,47.57983333
190,32056,D115H,24.08668333,44.25305556
191,32057,D119J,23.23218333,47.724925
192,32058,D120G,24.05885556,44.25288056
193,32059,D122H,26.51505556,47.58933333
194,32060,D122K,27.03711944,46.400425
195,32061,D133M,28.67649167,44.12236944
196,32062,D133O,28.70688056,44.09723056
197,32063,D133O,27.82022222,47.05466667
198,32064,D142O,27.77147222,47.02916667
199,32065,D146J,26.47628889,47.52519722
200,32066,D151K,28.57777222,44.11674444
201,32067,D157R,26.48869444,47.38527778
202,32068,D161M,28.77803056,44.86757778
203,32069,D168J,26.38653056,47.50666667
204,32070,D171M,28.49406111,44.06917222
205,32071,D180E,28.46549722,44.1977
206,32072,D238L,26.09416667,47.58594444
207,32073,D238N,26.04980556,47.57147222
208,32074,D249J,24.07466944,46.40110278
209,32075,D253S,23.33929444,46.73376667
210,32076,D253W,23.24944444,46.72111111
211,32077,D258W,23.24135833,46.75273889
212,32078,D262Q,26.16486111,44.57124444
213,32079,D264Q,26.16399444,44.58261389
214,32080,D270D,27.48222222,47.24002778
215,32081,D277K,23.671925,44.35331667
216,32082,D282I,23.56940556,46.84664167
217,32083,D282U,23.30701944,46.90198889
218,32084,D294K,21.09858333,45.89702778
219,32085,D296P,28.1641,44.42808056
220,32086,D308J,26.18452778,47.78894444
221,32087,D308L,26.149175,47.81223056
222,32088,D310E,23.69539722,46.86429444
223,32089,D310N,26.12025,47.83983333
224,32090,D312K,27.40412778,47.36206389
225,32091,D315P,25.71321111,44.66786389
226,32092,D315R,25.71670556,44.78484167
227,32093,D315S,25.71747778,44.8101
228,32094,D338N,28.38845278,44.50981667
229,32095,DANUL,28.45627778,44.90669444
230,32096,DENAK,26.43569167,45.00228056
231,32097,DENUB,29.44333333,44.06638889
232,32098,DER07,23.69646111,46.79019444
233,32099,DER25,23.67405833,46.78514722
234,32100,DESUX,25.83478611,44.93966944
235,32101,DEXIM,26.75398333,44.70918889
236,32102,DEXUD,25.62361111,44.54027778
237,32103,DIDIX,21.02056389,45.88900556
238,32104,DIKER,25.82457222,44.50273611
239,32105,DILAS,25.82069444,44.55613889
240,32106,DILIM,26.84380556,44.62028611
241,32107,DINBA,28.52611111,44.63722222
242,32108,DIPUX,21.867325,45.88831667
243,32109,DIRAL,27.55416667,44.51083333
244,32110,DIRCO,27.25472222,46.59944444
245,32111,DISEN,27.435,44.25833333
246,32112,DITAX,22.33722222,45.46888889
247,32113,DIVEL,21.30690833,45.52184722
248,32114,DOKUD,24.95593056,46.46873611
249,32115,DONOX,25.90663333,44.18476944
250,32116,DORIM,26.842575,46.69348333
251,32117,DOTEV,24.02329444,46.39088056
252,32118,DUNAV,28.482,45.12716667
253,32119,EBEKU,28.12472222,44.44583333
254,32120,EBILO,23.52369167,46.85634444
255,32121,EDETA,24.93118056,45.76896944
256,32122,EKNAB,22.50083333,45.72777778
257,32123,EKRAT,24.13868889,46.44066944
258,32124,EKSUN,26.28558889,44.92048056
259,32125,ELDET,23.75583333,44.28611111
260,32126,ELROM,23.03186389,46.74186667
261,32127,ELSEK,24.11879444,46.13198333
262,32128,ELVAB,25.09083333,44.16444444
263,32129,EMBIB,23.637325,45.89226111
264,32130,EMPOS,23.72993889,45.79113333
265,32131,ENIMA,24.9025,45.07944444
266,32132,ENITU,23.62727778,46.91175278
267,32133,ENOSO,24.76136111,46.46258611
268,32134,EPCAR,26.70361111,46.82111111
269,32135,EPUPO,24.51538611,45.83013056
270,32136,EPURA,24.50504722,45.77840833
271,32137,EROMO,23.94638889,47.95361111
272,32138,ERUKO,22.091175,45.8307
273,32139,ESUXU,26.43513333,44.45855278
274,32140,ETEPA,24.72211389,46.52773889
275,32141,ETOGO,26.66365556,44.80337222
276,32142,ETUXA,26.2993,44.82637222
277,32143,EVIKA,27.51388889,45.6125
278,32144,EVNUR,21.01936111,46.19183333
279,32145,EVRIK,22.24222222,46.35194444
280,32146,FD07,23.45777778,46.75211111
281,32147,FD09,21.05388889,46.18975
282,32148,FD09,23.74008333,44.31608333
283,32149,FD18,28.50208333,44.46097222
284,32150,FD27,24.03786111,44.32002778
285,32151,FD36,28.47263889,44.24452778
286,32152,FF01,22.83813889,47.56511111
287,32153,FF07,24.21941667,46.42977778
288,32154,FF08L,25.92869444,44.56472222
289,32155,FF08R,25.90433333,44.55144444
290,32156,FF11,21.13288889,45.86111111
291,32157,FF19,21.94183333,47.1615
292,32158,FF19,22.92163889,47.80811111
293,32159,FF26L,26.29394444,44.58094444
294,32160,FF26R,26.28405556,44.59161111
295,32161,FF27,21.46721667,46.16316667
296,32162,FF29,21.54188889,45.75841667
297,32163,FF34,28.74613889,44.96113889
298,32164,FI07,25.93469444,44.46844444
299,32165,FI14,27.55161111,47.25802778
300,32166,FI25,26.27372222,44.53847222
301,32167,FI26,23.86361111,46.809
302,32168,FI27,23.97006111,44.31918889
303,32169,FI27,24.22236111,45.78358333
304,32170,FI34,26.93858333,46.44937222
305,32171,FN16,26.87430556,46.61308333
306,32172,FOCSA,26.68972222,45.99472222
307,32173,FQ09,23.84897222,45.7895
308,32174,FQ14,27.55158333,47.25808333
309,32175,FQ25,24.60588889,46.50530556
310,32176,FQ32,27.71813889,47.07063889
311,32177,GALMI,30.02555556,44.13333333
312,32178,GANNA,22.09472222,46.70194444
313,32179,GAROC,26.57972222,46.62444444
314,32180,GESBA,21.79,45.92277778
315,32181,GIKUN,23.63638889,44.67027778
316,32182,GIRIL,23.04813889,47.50036111
317,32183,GITMU,21.31444444,45.89694444
318,32184,GOMDI,25.94436667,44.86508056
319,32185,GORER,26.08,44.78083333
320,32186,GOTOB,26.2675,44.59861111
321,32187,GOVIN,21.14777778,45.645
322,32188,GOVOX,21.30648611,45.60519722
323,32189,GUDIV,25.64388889,44.53083333
324,32190,GUNKA,23.345,47.80333333
325,32191,GUPRO,21.89472222,45.45527778
326,32192,GURSA,26.12121667,44.507125
327,32193,GUXVA,27.06861111,46.74666667
328,32194,HUMOR,25.87644444,47.51475
329,32195,HYDRA,27.61666667,44.55666667
330,32196,IBAVA,24.25083611,46.03810278
331,32197,IBGIR,26.56638889,46.44416667
332,32198,IBINU,23.27875556,45.91803889
333,32199,IBRIK,28.47243056,44.24457222
334,32200,IDARU,26.9818,44.64014167
335,32201,IDOMO,24.81388889,43.80444444
336,32202,IDRUP,27.78175,46.99861111
337,32203,INBID,26.20944444,46.79361111
338,32204,INDOR,26.11214444,44.66256944
339,32205,INGOP,21.14972222,45.43194444
340,32206,IPDIS,24.23970833,46.16126667
341,32207,IPRAS,26.48028889,44.68975833
342,32208,IPTOL,24.04479444,46.29116667
343,32209,IRLIT,23.22015556,47.09544167
344,32210,IRLOX,24.18388889,45.63555556
345,32211,IRLUP,23.98715,46.77535
346,32212,ITVAX,24.47382778,45.823775
347,32213,ITVUK,26.55094722,44.46693333
348,32214,IVDEK,26.66679722,44.47519722
349,32215,IXORI,23.24233333,46.72018611
350,32216,IXUBA,23.97627222,46.60754167
351,32217,JIBOU,23.125,47.49127778
352,32218,KEGAD,24.33548611,46.91880278
353,32219,KENUX,26.76777778,46.29222222
354,32220,KERLO,27.0,47.25055556
355,32221,KOMAN,26.21666667,43.98333333
356,32222,KONIM,28.8325,44.21194444
357,32223,LAMIT,23.37472222,45.10388889
358,32224,LAPKA,26.50916667,45.29277778
359,32225,LARMU,23.13583333,47.25027778
360,32226,LATCU,22.38222222,46.83361111
361,32227,LELTI,23.42555556,44.29444444
362,32228,LEMPA,28.43527778,44.72694444
363,32229,LERVU,28.87666667,44.19611111
364,32230,LESVO,27.82222222,46.95194444
365,32231,LEVTA,26.40959444,44.58944444
366,32232,LIBRA,27.74,44.46
367,32233,LILGU,26.37777778,44.54583333
368,32234,LIVGA,26.41098611,44.61183056
369,32235,LIVNU,26.43202778,47.51286111
370,32236,LOBKI,28.91583333,45.17805556
371,32237,LOMOS,23.25,43.83333333
372,32238,LOVIS,26.66948333,44.61948889
373,32239,LUPUK,29.61277778,44.41277778
374,32240,LUROD,26.54541111,44.64127222
375,32241,LUSOM,21.44946944,45.41351111
376,32242,LUTUP,26.51611111,44.43618611
377,32243,LUXOT,21.58619444,45.85349722
378,32244,MA01,22.87988889,47.68683333
379,32245,MA07,24.38097222,46.46155556
380,32246,MA19,21.90863889,47.04688889
381,32247,MA19,22.89119444,47.71969444
382,32248,MA29,21.37277778,45.80105556
383,32249,MASEB,25.75819444,44.53573889
384,32250,MAVIT,21.30833333,45.24
385,32251,MD07,23.65608333,46.78144444
386,32252,MD09,21.23916667,46.17802778
387,32253,MD16,26.34938889,47.69783333
388,32254,MEDUD,20.89081111,46.13317778
389,32255,MEREC,23.10083333,47.70027778
390,32256,MIKVI,26.12583333,46.49861111
391,32257,MIRON,27.04055556,46.71944444
392,32258,MIVNU,28.28972222,44.55361111
393,32259,MIVSA,21.47305556,45.90555556
394,32260,ML09,23.43147222,47.66144444
395,32261,ML14,27.60658333,47.19636111
396,32262,ML25,23.7155,46.79447222
397,32263,ML27,24.12711111,45.78519444
398,32264,MN34,26.91821944,46.50143056
399,32265,MOBLU,29.44722222,44.19611111
400,32266,MOBRA,24.81944444,45.86444444
401,32267,MOLID,27.28833333,46.60638889
402,32268,MQ07,26.07302778,44.49716667
403,32269,MQ08R,26.05802778,44.56325
404,32270,MQ14,27.60613889,47.19686111
405,32271,MQ25,26.134,44.50975
406,32272,MQ26L,26.13927778,44.56938889
407,32273,MQ33,27.63175,47.16252778
408,32274,NAMUV,28.08305556,44.38305556
409,32275,NAVOD,24.55972222,43.75583333
410,32276,NEKUL,22.58676944,45.51679444
411,32277,NEPOT,23.08805556,45.96027778
412,32278,NERDI,23.70305556,45.31277778
413,32279,NETUL,26.97856389,44.69538333
414,32280,NIGAB,26.49345833,44.54322222
415,32281,NIGEV,24.75388889,43.97805556
416,32282,NOPTI,21.99638889,46.31527778
417,32283,NULGO,23.71722222,44.045
418,32284,NURPO,29.31555556,44.46861111
419,32285,OBARA,22.71638889,47.03138889
420,32286,OBELA,25.82728056,44.54543333
421,32287,OBUDO,26.18666667,44.63444444
422,32288,OBUGA,26.09427222,44.10901111
423,32289,OGUPI,26.07222222,44.60888889
424,32290,OKAGO,26.57210278,44.79688333
425,32291,OKAXA,23.94364167,46.81969444
426,32292,OKIGO,23.18397222,47.68844444
427,32293,OKLIV,23.5225,47.27166667
428,32294,OLMEB,23.45194444,47.43194444
429,32295,OLMIP,22.37,46.04527778
430,32296,OLNET,23.67516667,44.44277778
431,32297,OLNOR,26.32169167,44.38836389
432,32298,OLTIN,27.72666667,44.14166667
433,32299,OMISU,21.60336111,45.79988889
434,32300,OP081,25.70655,44.53593333
435,32301,OP082,25.59074167,44.52669722
436,32302,OP083,25.47497222,44.51734444
437,32303,OP084,25.46,44.61143056
438,32304,OP085,25.57595278,44.6208
439,32305,OP086,25.69194722,44.63005556
440,32306,OP087,25.80798056,44.63919167
441,32307,OP088,25.79269444,44.73861944
442,32308,OP261,26.53249444,44.59835
443,32309,OP262,26.6486,44.60663056
444,32310,OP264,26.51921111,44.69256389
445,32311,OP265,26.40295,44.68414722
446,32312,OP267,25.87187778,44.64417222
447,32313,OP268,26.27015,44.52801944
448,32314,OP269,25.73735556,44.48718333
449,32315,OP661,26.00844444,44.57085833
450,32316,OP662,26.01013333,44.55958333
451,32317,OP663,25.89251111,44.56192778
452,32318,OP664,25.89422222,44.55065
453,32319,OP665,25.807875,44.55533056
454,32320,OP666,25.783075,44.54197222
455,32321,OP667,25.98104444,44.75319722
456,32322,OP881,26.19353611,44.58486944
457,32323,OP882,26.19518889,44.57359444
458,32324,OP883,26.332775,44.59520833
459,32325,OP884,26.3344,44.58393333
460,32326,OP887,26.84589444,44.63181111
461,32327,OP888,26.81823889,44.61852222
462,32328,OP889,26.36561389,44.36655
463,32329,OP890,26.16671111,44.76725556
464,32330,OP891,26.04407222,44.82130833
465,32331,ORION,27.61666667,44.29666667
466,32332,ORSUT,26.07590278,44.17603889
467,32333,ORTIP,25.33305556,43.97777778
468,32334,ORVET,25.65709722,44.41191389
469,32335,ORXIK,22.24527778,47.15194444
470,32336,OSTAL,26.77288333,44.27791667
471,32337,OSTOV,23.8,43.78333333
472,32338,OTRIX,24.28343611,45.88248333
473,32339,OVDOT,22.97694444,44.53888889
474,32340,PADGU,22.61055556,44.77861111
475,32341,PANZU,24.13694444,44.03666667
476,32342,PASKA,26.49830556,47.33425
477,32343,PELES,27.05333333,46.21722222
478,32344,PELUR,25.48833333,45.28666667
479,32345,PEMOK,24.34833333,44.36472222
480,32346,PEMUT,23.21463889,47.68533333
481,32347,PEQIN,27.22722222,46.64333333
482,32348,PETAV,26.41166667,44.56916667
483,32349,PETOS,25.45429167,44.47668611
484,32350,PEVEX,28.44861111,44.07
485,32351,PEVIL,22.81044444,47.484
486,32352,PEXAL,26.09138333,44.7167
487,32353,PIKUV,24.09464722,46.05836389
488,32354,PILAT,28.09777778,44.82388889
489,32355,PINUB,24.1912,46.32026389
490,32356,PIRIG,27.72888889,46.82555556
491,32357,PITIS,28.51722222,44.57638889
492,32358,PLATO,27.77,44.64
493,32359,POGAV,28.16666667,46.78166667
494,32360,POLUN,25.22337222,44.23742222
495,32361,RAMIX,27.33861111,46.28944444
496,32362,RARIT,26.41481111,44.60121667
497,32363,RASAR,25.74527778,44.62388889
498,32364,RASOV,27.96333333,44.20833333
499,32365,RASUB,25.41833333,43.97888889
500,32366,REBDI,28.47361111,45.05611111
501,32367,REBLA,23.74472222,46.76
502,32368,REDKU,26.54888889,46.50666667
503,32369,RELVU,26.39377778,47.59866667
504,32370,REPTO,24.0,47.63638889
505,32371,RIDPA,26.48720833,44.62196389
506,32372,RILAS,22.61027778,47.32888889
507,32373,RIPGA,27.90194444,45.19194444
508,32374,RIRUX,26.06833333,44.53388889
509,32375,RIVOS,27.65472222,44.65583333
510,32376,ROMAG,22.41861111,47.42277778
511,32377,ROMUX,20.62333333,45.85583333
512,32378,ROTBI,25.94305556,44.50138889
513,32379,ROXAV,26.27472222,47.86358333
514,32380,RUKAT,26.16111111,44.64305556
515,32381,RULES,22.06972222,47.19611111
516,32382,RUPUG,22.25305556,46.90916667
517,32383,RUSAG,24.26440556,45.97343889
518,32384,RUTOX,28.46111111,44.16166667
519,32385,RUTUV,24.10363889,46.40686111
520,32386,SALAC,26.73527778,46.74083333
521,32387,SAT27,23.55166667,47.66055556
522,32388,SAVEN,27.53833333,44.60166667
523,32389,SB091,23.61091389,45.79263889
524,32390,SB092,23.61339167,45.89255278
525,32391,SB093,23.73263056,45.89105
526,32392,SB094,23.85186944,45.88942222
527,32393,SB095,24.00713889,46.46555
528,32394,SB271,24.46039167,45.77916111
529,32395,SB272,24.57940278,45.77676667
530,32396,SB273,24.58361667,45.87669444
531,32397,SB275,24.34516667,45.88135833
532,32398,SB771,23.97789444,45.78759444
533,32399,SB991,24.27975556,45.78255833
534,32400,SBI27,24.73063333,45.77237222
535,32401,SISGU,25.46462778,44.36941389
536,32402,SOBSA,25.08722222,46.04805556
537,32403,SODGO,22.8475,44.86722222
538,32404,SOKRU,25.33029167,44.99281667
539,32405,SOMET,23.16091667,47.69444444
540,32406,SONOB,25.76611111,44.52305556
541,32407,SORDU,25.44673056,44.04252778
542,32408,SORUR,25.89916667,44.57944444
543,32409,SOSIL,21.30777222,45.35141944
544,32410,SOVEP,26.31422222,47.77602778
545,32411,SUSUR,26.74309444,44.61306111
546,32412,TAFRO,23.42336111,47.49666667
547,32413,TEGRI,21.10453889,46.26278611
548,32414,TERTI,28.66447222,45.08833333
549,32415,TESTU,26.06959722,44.75161667
550,32416,TEVRO,25.50203611,44.34641111
551,32417,TEVSA,27.20333333,46.87611111
552,32418,TIDGA,23.06305556,46.39416667
553,32419,TIMUR,24.23916667,43.68888889
554,32420,TINPU,28.17111111,44.36138889
555,32421,TIPOV,23.95305556,46.8475
556,32422,TIRVO,28.73638889,44.9925
557,32423,TISAD,22.58933333,47.53297222
558,32424,TITEK,23.57388889,44.49333333
559,32425,TIXIP,22.64666667,45.8375
560,32426,TM071,23.98795833,46.38383056
561,32427,TM072,24.02792778,46.2878
562,32428,TM073,24.14342222,46.31079167
563,32429,TM074,24.19982222,46.27966389
564,32430,TM075,24.05279444,46.52908333
565,32431,TM251,24.76091944,46.43143333
566,32432,TM252,24.39071944,46.35956944
567,32433,TM253,24.688825,46.61005556
568,32434,TM551,24.22319722,46.43053333
569,32435,TM552,24.26279722,46.33441389
570,32436,TM771,24.60561111,46.50526389
571,32437,TM772,24.64460278,46.40900278
572,32438,TOBAG,26.70276389,44.37721667
573,32439,TOMET,25.59222222,46.48666667
574,32440,TOMPU,23.45265833,46.75318889
575,32441,TOMUC,26.82619444,47.50747222
576,32442,TOPAL,27.96333333,44.58333333
577,32443,TOSVI,25.16131111,44.75389167
578,32444,TR011,21.44853333,45.78196667
579,32445,TR021,21.2382,45.834825
580,32446,TR022,21.54589722,45.970075
581,32447,TR023,21.14622778,45.85778333
582,32448,TR112,20.95583056,46.01111111
583,32449,TR113,20.84301389,46.03885833
584,32450,TR122,20.90802778,45.91681667
585,32451,TR123,20.79537778,45.94451944
586,32452,TR130,21.08501389,45.76686111
587,32453,TR131,20.97275556,45.79473611
588,32454,TR132,20.86038611,45.82250278
589,32455,TR133,20.74790556,45.85015833
590,32456,TR211,21.702825,45.82385556
591,32457,TR212,21.81476667,45.79526389
592,32458,TR213,21.92659444,45.76656389
593,32459,TR221,21.65392778,45.72987778
594,32460,TR222,21.76570833,45.70133611
595,32461,TR223,21.87737222,45.67268333
596,32462,TR230,21.49346111,45.66426389
597,32463,TR231,21.60519444,45.63587778
598,32464,TR232,21.71681389,45.60738333
599,32465,TR233,21.82831944,45.57877778
600,32466,TR901,21.75188889,45.91780833
601,32467,TR911,21.14538056,45.964175
602,32468,TR931,21.19716111,45.73887222
603,32469,TR932,21.14918333,45.64467778
604,32470,TR933,21.03720278,45.67261667
605,32471,TR934,20.92510833,45.70044722
606,32472,TR935,20.85843889,45.79805
607,32473,TR941,21.30594722,45.71159167
608,32474,TULNU,27.00444444,46.28055556
609,32475,TUMOP,26.29714167,44.31766667
610,32476,TURIR,28.65619444,44.83283333
611,32477,TUTIX,25.51878056,44.24011667
612,32478,TUVEK,28.67043056,44.89873333
613,32479,TUVNU,21.67333333,46.81
614,32480,UBASA,23.72694444,47.65138889
615,32481,UBAXI,22.213075,45.51160556
616,32482,UBOGU,24.66833333,44.76305556
617,32483,UDRIB,25.92527778,44.57972222
618,32484,UDSIG,26.05361111,46.97777778
619,32485,ULGAP,27.58416667,46.83972222
620,32486,ULMIN,23.39795556,45.81385
621,32487,UNIRA,27.85166667,47.16833333
622,32488,UNUSU,26.24583333,44.53638889
623,32489,UPOLI,24.13144167,45.88511389
624,32490,URELA,26.56111111,45.49666667
625,32491,URNEQ,22.13527778,47.23888889
626,32492,USIRO,25.76461111,44.24177778
627,32493,UTIDI,26.23386944,44.25278611
628,32494,UTOKI,25.86475278,44.74423333
629,32495,UVALU,25.44412778,44.71080278
630,32496,UXULA,24.20998611,46.03343333
631,32497,VADBI,21.11505556,45.91488889
632,32498,VADNU,28.87777778,44.37361111
633,32499,VAKIS,28.72472222,43.85222222
634,32500,VAKUP,26.30044722,44.91006944
635,32501,VAMES,23.56111111,47.34666667
636,32502,VAMON,24.67972222,44.39944444
637,32503,VASIS,22.408075,45.95322222
638,32504,VEDAP,25.71836944,44.83778611
639,32505,VEVIN,26.65194444,44.71305556
640,32506,VIBUD,23.92719722,46.84188889
641,32507,VIKBI,24.65583333,44.25861111
642,32508,XANAN,24.23411944,46.117525
643,32509,XEBUN,24.43754444,45.77975556
644,32510,ZUBOK,21.70322778,46.10597778
645,236698,BCU,26.82555556,46.51091667
646,236700,CRV,23.92275,44.31861111
647,236701,DVA,22.96888889,45.82805556
648,236702,GLT,27.92777778,45.41638889
649,236705,SAT,22.89386111,47.72741667
650,236707,SCV,26.36083333,47.67233333
651,248560,BMR,23.34597222,47.67122222
652,249826,ISI,27.57969444,47.23427778
653,249903,ORA,21.92413889,47.10036111
654,250629,ARD,21.14361111,46.18408333
655,250630,CLJ,23.78725,46.80011111
656,250631,CND,28.47833333,44.28555556
657,250632,FLR,25.70805556,44.50083333
658,250633,ISI,27.57941667,47.23430556
659,250634,OPT,26.56027778,44.5925
660,250635,SBI,24.08780556,45.78091667
661,250636,STJ,25.97694444,44.91861111
662,250637,TLA,28.7095,45.07869444
663,251114,O,21.90813889,47.04519444
664,251115,TIM,21.37177778,45.80130556
665,251554,B,26.91822222,46.50144444
666,251555,IAS,27.63627778,47.16294444
667,252088,LL,26.07194444,44.57569444
668,252089,M,23.43591667,47.66147222
669,252822,BC,26.92741667,46.47811111
670,252823,BSE,26.23052778,44.52963889
671,252824,BSW,25.95199722,44.47208611
672,252825,OPE,26.21125,44.57477778
673,252826,OPW,25.98463889,44.55775
674,252827,OTL,26.00061111,44.57025
675,252828,OTR,26.23536111,44.588
676,252829,SIB,24.15258333,45.785
677,252830,TGM,24.30658333,46.44691667
678,252831,TSR,21.30540556,45.81798611
